4.748347384615387 9.173076923056299e-06
18.895576923104766
18.987307692335328
19.079038461565894
16.79076923079241
16.882500000022972
16.974230769253534
17.0659615384841
17.15769230771466
17.249423076945224
14.951153846179228
15.042884615409788
15.134615384640352
12.846346153875752
12.938076923106314
13.029807692336878
13.12153846156744
10.82326923079256
10.915000000023124
11.006730769253688
8.718461538489086
8.81019230771965
8.901923076950212
6.613653846176729
6.705384615407293
6.797115384637856
6.888846153868418
6.980576923098981
7.072307692329544
7.164038461560107
7.255769230790671
7.347500000021232
7.439230769251796
7.53096153848236
5.23269230771636
5.324423076946924
5.416153846177486
5.507884615408049
3.219615384634567
3.3113461538651294
3.4030769230956928
3.494807692326256
3.5865384615568185
1.2882692307908203
1.0
1.0
1.0
3.104807692286137
3.0130769230555736
2.9213461538250107
2.829615384594448
2.737884615363885
2.646153846133322
2.554423076902759
2.462692307672196
2.3709615384416334
2.2792307692110696
2.1874999999805067
2.0957692307499443
2.0040384615193814
1.9123076922888178
1.8205769230582551
1.7288461538276925
4.027115384602572
3.9353846153720093
3.843653846141447
3.751923076910883
3.6601923076803202
3.5684615384497578
3.476730769219194
3.384999999988631
3.2932692307580687
3.201538461527506
3.1098076922969424
3.0180769230663795
2.926346153835817
2.8346153846052533
2.742884615374691
2.651153846144128
2.559423076913564
2.4676923076830017
2.375961538452439
4.664230769217039
4.572499999986476
4.4807692307559135
4.38903846152535
4.297307692294787
4.205576923064225
4.113846153833661
4.022115384603098
3.9303846153725357
3.838653846141973
3.746923076911409
3.6551923076808466
3.563461538450284
3.4717307692197203
3.3799999999891575
3.288269230758595
3.1965384615280312
3.104807692297469
3.013076923066906
2.921346153836342
2.8296153846057797
2.7378846153752168
2.6461538461446543
2.5544230769140905
2.462692307683528
2.370961538452965
2.2792307692224014
2.1874999999918376
2.095769230761276
2.0040384615307123
1.9123076923001487
1.8205769230695872
1.7288461538390234
1.6371153846084618
1.5453846153782693
1.45365384615058
1.3619230769140078
1.2701923076931534
1.1784615384586794
1.0867307692206476
1.0
1.0
1.0
1.0
1.0
1.0
1.0
1.0
1.0
1.0
1.0
1.0
1.0
1.0
1.0
1.0
1.0
1.0
1.0
1.0
1.0
1.0
1.0230769230737864
1.114807692310962
1.206538461530274
1.2982692307706725
1.3899999999944084
1.481730769230681
1.5734615384612425
1.6651923076918063
1.75692307692237
1.8486538461529316
1.9403846153834952
2.032115384614059
2.1238461538446205
2.2155769230751843
2.307307692305748
2.3990384615363096
1.0
1.0
1.0
1.0
1.0
1.0
1.0
1.0
1.0
1.0
1.018076923073703
1.1098076923354554
1.2015384615370934
1.2932692307710745
1.3849999999893114
1.476730769219875
1.5684615384504388
1.6601923076810003
1.7519230769115641
1.8436538461421257
1.9353846153726895
2.027115384603253
2.1188461538338146
1.0
1.0
1.0
1.0
1.0
1.0
1.0
1.0
1.0
1.0
1.0
1.0
1.0
1.0230769230665346
1.1148076922970962
1.2065384615276598
1.2982692307582235
1.0
