5.181714952380952 1.1047619047619523e-05
1.449999999998397
1.5604761904697284
1.6709523809499416
1.781428571421273
1.0
1.0
1.0
2.546666666667363
2.43619047618715
2.3257142857158186
2.2152380952356054
2.1047619047553923
1.9942857142840609
1.8838095238038477
1.7733333333325163
1.6628571428523031
1.5523809523809717
1.4419047619007586
1.3314285714294272
1.220952380949214
1.1104761904738651
1.0
1.0
1.0
1.0
1.0
1.0
1.0
1.0
1.0
1.0
2.2752380952351103
2.164761904763779
2.0542857142835658
1.9438095238122344
1.8333333333320212
1.7228571428606898
1.6123809523804766
1.5019047619091452
1.391428571428932
1.280952380954005
1.1704761904778098
1.0600000000016188
1.0
1.0
1.0
1.0
1.0
1.0
1.0
1.0
1.0
1.0
1.0
1.0
1.0
1.0
1.0
1.6723809523888633
1.5619047619086501
1.4514285714373187
1.3409523809579549
1.2304761904817587
1.1200000000055617
1.0095238095293682
1.0
1.0
1.0
1.0
1.0
1.0
1.0
1.0
1.0
1.0
1.0
1.0
1.0
1.0
1.0
1.0
1.0
1.0
1.0895238095183426
1.1999999999945359
1.3104761904707325
1.4209523809469273
1.5314285714218556
1.6419047619020688
1.7523809523734002
1.8628571428536134
1.9733333333249448
2.083809523805158
2.1942857142764893
2.3047619047567025
2.4152380952369157
2.525714285708247
2.6361904761884603
2.7466666666597916
2.857142857140005
2.967619047611336
3.0780952380915494
3.188571428562881
3.299047619043094
3.409523809523307
3.5199999999946385
1.240476190474271
1.3509523809504667
1.4614285714298347
1.5719047619011661
1.6823809523813793
1.7928571428527107
1.9033333333329239
2.013809523807638
2.1242857142838334
2.2347619047646816
2.345238095236013
2.455714285716226
2.5661904761875576
2.6766666666677708
2.787142857139102
2.8976190476193153
3.0080952380906467
3.11857142857086
3.2290476190421913
3.3395238095224045
3.4500000000026176
3.560476190473949
3.670952380954162
1.4014285714315975
1.511904761907794
1.6223809523839867
1.7328571428601807
1.8433333333363764
1.953809523812576
2.0642857142849635
2.1747619047651767
2.28523809524539
2.3957142857167213
2.5061904761969345
2.616666666668266
2.727142857148479
1.0
1.0
1.0
1.0
1.0
1.0
1.1104761904738631
1.2209523809500584
1.3314285714262541
1.4419047619024457
1.5523809523786425
1.6628571428548382
1.7733333333310337
1.0
1.0
1.0
1.0
1.0
1.0
1.0
2.112857142860013
2.0023809523838163
1.8919047619076201
1.781428571431427
1.6709523809552322
1.5604761904790347
1.4500000000028432
1.339523809526647
1.229047619050452
1.1185714285742547
1.0080952380980548
1.0
3.167142857138927
3.0566666666675957
2.9461904761873825
2.835714285712246
2.7252380952360484
2.614761904759857
4.884285714288339
4.773809523808126
4.663333333336794
4.552857142856581
4.44238095238525
4.331904761905037
4.221428571433705
4.110952380953492
4.000476190473279
3.8900000000019475
3.7795238095217343
3.669047619050403
3.5585714285701897
3.4480952380988583
3.337619047618645
3.2271428571473137
5.506666666663662
5.396190476192331
5.2857142857121175
7.55523809523595
